[weights]
w1 = 4.978615122183721
w2 = 0.14887544314644827
w3 = 5.660472577716961
w4 = 0.20192701731783275

