[weights]
w1 = 5.134281459995559
w2 = 2.3533821187398893
w3 = -0.8090105512176302

