[weights]
w1 = 1.0013627157849319
w2 = 1.007538736533819
w3 = -0.9889339156139272
w4 = 1.007109963766379

