[weights]
w1 = 4.992333192448655
w2 = -0.042258816757751366
w3 = 0.0897116164145856

